407003
643965
100463486
79931
158297
389033
400935
107985035
106632264
81796
57571
127833
109864272
100008589
112268313
4308
109910382
109864271
109864282
112268284
101929116
105374411
100996295
100130698
109864279
3881
109910379
1755
107986019
101928087
285972
128218
3231
285045
2864
101928576
112268227
100379249
100861532
165530
342035
2832
102724404
105369351
1038
100861519
107986800
112268052
101927999
1610
100652739
106631777
113157
116173
406941
219595
401115
100302229
100128946
107987399
5794
112268421
4099
100126325
109864274
107985282
389816
101060341
4588
1080
84830
10110
286186
107987178
1360
11155
105378161
112268070
101930276
109864280
348938
135932
101927345
2705
750
105373057
107984089
107984835
2819
390664
54958
109910381
109910380
346171
94274
105375542
107986569
109864273
101927503
107985430
102723996
134285
112268101
339241
102723442
101928251
106631781
147228
101929964
107986566
387065
53828
105372523
105371761
100008588
79992
285126
105377826
399888
51148
107986305
101929819
100286986
104355135
10886
388849
107984847
112267878
105370756
80086
286430
283999
105377800
102800310
105375635
84618
391123
112267951
8552
6010
619207
105373004
100505929
58476
140893
109864281
107984777
401036
105374869
401022
100191040
285766
85495
107986910
102465429
107985322
389332
93377
100131604
63973
107986675
28526
103171574
105374056
105369520
105378256
2168
283547
107985299
107984805
107985303
54766
389633
107984113
2346
107985795
107985902
9723
27201
728310
1515
6962
105369667
105377585
7054
105373366
107987398
107984510
109623464
131669
400932
105370169
23415
728758
441531
105377647
105377743
105375429
112267861
645700
79957
105371314
83894
57165
339260
100271874
2668
101929402
105378576
4340
4336
109623456
4155
100286906
105376704
284260
6023
9507
101927441
107985779
1579
284240
1267
101928988
126147
107984398
158435
105377789
9635
107984124
79152
107985847
106632260
221416
441208
101060187
650747
4070
100132103
100132077
253868
768222
23452
1549
105375469
22987
105373009
101927583
107986175
440570
101930105
107987118
653
4969
387700
10736
9376
127707
6495
54102
115111
7850
6283
2306
100131176
6590
55304
2213
161291
3053
286133
5729
8685
1832
26266
8875
79083
3500
54716
3481
723961
4256
1381
2303
120425
1580
4360
4496
51311
642934
3645
107985305
4958
353514
57126
728597
6279
6280
9356
8532
6528
5996
6913
2706
1880
730
9332
654463
185
2331
9052
10875
2297
4982
1278
10205
4498
1829
22915
64220
54796
23704
221091
3606
133584
1277
105371849
105371578
3880
6275
102546175
10894
3576
4069
339535
493869
130497
51338
3875
4318
316
1280
26253
4495
653567
3075
3514
84793
112268426
8530
3501
2162
5732
3953
79689
7475
2296
3975
304
101928034
2204
2619
1634
93166
2719
4494
4500
6542
100505875
2487
158062
1066
5318
9103
302
169611
80310
100288798
7412
597
3493
64231
4778
151534
4499
30835
3769
440738
60529
414332
125
60675
107985692
10990
8807
55244
27286
2215
1842
114036
155051
9022
5350
79875
9427
283755
5737
4811
4223
2919
11082
3976
27284
107986110
2570
5104
7291
342527
9096
688
51316
64407
101928156
247
79625
9314
1545
105371880
1800
105378606
286178
7852
9182
6039
6910
101927879
4608
153478
5118
9976
374907
101927532
55301
93035
112268449
643834
100288122
4487
2921
105377443
8547
119587
283298
2740
641364
9021
1281
55273
5552
102724046
8840
9595
253935
3569
6351
646324
128025
85480
969
101927703
90102
101927354
1293
105374443
290
94121
105375370
107986589
2219
101927931
652
719
56245
33
51365
118932
105375676
7276
54210
202151
4493
6036
6281
3791
3311
7980
79056
2828
10082
728
105375521
1295
26136
9124
2327
151648
127795
102723401
3117
100144604
54407
6540
837
5788
126695
306
440982
340990
100996609
23764
54502
8793
1052
101929777
2735
5549
137835
25816
145820
22797
7545
3291
2669
56265
389558
643733
241
3561
107985323
57228
654
116844
1836
7538
3017
1735
100129464
100874047
112268295
9046
51267
100506795
100381270
100505495
25975
10863
64065
105370275
29881
64581
57214
942
105370624
286464
79887
134265
11326
102724852
10170
105371919
11185
100289255
1646
3078
6614
2159
4502
3109
51384
8673
55821
2289
10788
10149
25987
58475
164153
3399
1378
54541
4616
4792
563
2533
7035
2857
25959
105370103
85477
140876
9322
8809
102723983
91862
3394
102724246
4501
6282
4481
5105
7049
105379326
4071
7128
9518
2212
285
6526
105374438
7100
64092
54504
101928922
2683
3006
55540
28231
3578
5241
102724473
1382
51284
8515
57007
53827
2535
221074
1520
1843
84734
283120
4081
2920
55283
11213
4111
2995
102466854
7547
6581
168090
105375369
2701
2014
353345
29128
105377275
101928605
8972
1192
1292
91607
7431
2564
105375022
100233209
5457
10644
105372270
1645
2192
101928492
57101
54852
105373713
10590
5265
107986302
89857
4688
2350
105378049
7134
4488
7465
57188
124857
6549
1017
80739
6850
101929261
677
8324
29984
50486
107984440
3119
3936
401428
101929021
1366
3698
102723506
3122
2255
54510
8463